uuid: fae7329c-d9bb-39df-ad1b-e198cba4de27
timestamps:
  login: 1469330769829
  lastteleport: 1469327376753
  logout: 1469331305503
  mute: 0
ipAddress: 50.188.140.91
lastlocation:
  world: kevlar
  x: 70.07610365935038
  y: 144.44928811039833
  z: 1213.1379812739108
  yaw: -197.68732
  pitch: 20.399961
logoutlocation:
  world: kevlar
  x: -114.08723476331313
  y: 77.04055212184535
  z: 664.3679201411804
  yaw: 277.9519
  pitch: 17.25
afk: false
muted: false
