uuid: c4b2e9cf-2461-3582-9aae-dc38b39e626f
timestamps:
  login: 1483986322956
  lastteleport: 1483987184505
ipAddress: 50.188.140.91
lastlocation:
  world: kevlar
  x: 19942.320623604075
  y: 213.54953775581097
  z: 20161.154074776096
  yaw: 125.55731
  pitch: 32.999874
