uuid: 60174fc4-d4a6-3c3d-9d31-9cd178ce44c0
timestamps:
  login: 1454901131280
  lastteleport: 1454881236066
  logout: 1454902258327
ipAddress: 192.168.1.232
lastlocation:
  world: kevlar
  x: -60.812366386816464
  y: 100.5
  z: 658.6376043506705
  yaw: -266.85535
  pitch: -7.7999587
logoutlocation:
  world: kevlar
  x: -126.29951360108578
  y: 41.69999998807907
  z: 672.5
  yaw: -92.261826
  pitch: 17.249966
afk: false
