uuid: ca3fe6a8-1f8b-32a6-9508-16d34ffd5c6d
timestamps:
  login: 1469334784964
  lastteleport: 1469162685136
  logout: 1469335060500
ipAddress: 24.20.17.241
lastlocation:
  world: kevlar
  x: -132.3903059899779
  y: 88.0
  z: 342.1207446233096
  yaw: -155.2456
  pitch: 22.200008
logoutlocation:
  world: kevlar
  x: -423.3204370204865
  y: 64.3717107229739
  z: 603.8783463257681
  yaw: -1.1519585
  pitch: 40.649822
afk: false
