uuid: 04563d4c-6a5b-343e-81b6-8bc0e358b91d
timestamps:
  login: 1483986291975
  lastteleport: 1483986982701
  logout: 1483987193499
ipAddress: 127.0.0.1
lastlocation:
  world: kevlar
  x: -367.8123954743265
  y: 92.48034892387744
  z: 572.9880311942403
  yaw: -295.1876
  pitch: 49.20011
logoutlocation:
  world: kevlar
  x: 20014.410060382168
  y: 155.76202518367725
  z: 20085.056029312113
  yaw: 101.4058
  pitch: -13.499972
ban:
  reason: "\xa74Banned:\n\xa7rThe Ban Hammer has spoken!"
  timeout: 0
afk: false
godmode: false
money: '0'
