uuid: 04563d4c-6a5b-343e-81b6-8bc0e358b91d
timestamps:
  login: 1482009051835
  lastteleport: 1469767905589
  logout: 1482009077705
ipAddress: 127.0.0.1
lastlocation:
  world: kevlar
  x: 270.5
  y: 57.0
  z: 399.2567760981803
  yaw: -39.73648
  pitch: 36.150036
logoutlocation:
  world: kevlar
  x: -151.8429353311705
  y: 70.0
  z: 663.0646627923818
  yaw: 202.50452
  pitch: 26.70002
ban:
  reason: "\xa74Banned:\n\xa7rThe Ban Hammer has spoken!"
  timeout: 0
afk: false
godmode: false
money: '0'
