uuid: 04563d4c-6a5b-343e-81b6-8bc0e358b91d
timestamps:
  login: 1482462289130
  lastteleport: 1482462321919
  logout: 1482009077705
ipAddress: 10.0.0.25
lastlocation:
  world: kevlar
  x: -62.441521235327855
  y: 116.03591099586414
  z: 675.4542908878964
  yaw: -202.64545
  pitch: 19.500025
logoutlocation:
  world: kevlar
  x: -146.66802912507856
  y: 71.0
  z: 668.2125045475021
  yaw: -86.69548
  pitch: 11.700025
ban:
  reason: "\xa74Banned:\n\xa7rThe Ban Hammer has spoken!"
  timeout: 0
afk: false
godmode: false
money: '0'
