uuid: 04563d4c-6a5b-343e-81b6-8bc0e358b91d
timestamps:
  login: 1493353693569
  lastteleport: 1493353811052
  logout: 1493328172870
ipAddress: 127.0.0.1
lastlocation:
  world: kevlar
  x: 117.81162169901569
  y: 112.65610428722758
  z: 512.3821037922639
  yaw: 104.56177
  pitch: 21.300034
logoutlocation:
  world: kevlar
  x: 73.73240893316766
  y: 95.89946310215379
  z: 520.01924421213
  yaw: 341.1117
  pitch: 37.800064
ban:
  reason: "\xa74Banned:\n\xa7rThe Ban Hammer has spoken!"
  timeout: 0
afk: false
godmode: false
money: '0'
