uuid: 04563d4c-6a5b-343e-81b6-8bc0e358b91d
timestamps:
  login: 1482463179072
  lastteleport: 1482462321919
  logout: 1482463596267
ipAddress: 127.0.0.1
lastlocation:
  world: kevlar
  x: -62.441521235327855
  y: 116.03591099586414
  z: 675.4542908878964
  yaw: -202.64545
  pitch: 19.500025
logoutlocation:
  world: kevlar
  x: 58.69999998807905
  y: 79.48935632859431
  z: 832.7611209309397
  yaw: -77.099365
  pitch: 52.500145
ban:
  reason: "\xa74Banned:\n\xa7rThe Ban Hammer has spoken!"
  timeout: 0
afk: false
godmode: false
money: '0'
