uuid: cd3380bb-9a91-3be9-8d2f-225a88e3a5af
timestamps:
  login: 1493767056305
  lastteleport: 1493760545476
  logout: 1493767412035
ipAddress: 127.0.0.1
lastlocation:
  world: kevlar
  x: 12304.076760942167
  y: 68.0
  z: 21290.99704832257
  yaw: 18.449951
  pitch: 38.85001
logoutlocation:
  world: kevlar
  x: 12286.0
  y: 88.0
  z: 21294.0
  yaw: 90.0
  pitch: 0.0
afk: false
godmode: false
money: '50'
