uuid: cd3380bb-9a91-3be9-8d2f-225a88e3a5af
timestamps:
  login: 1493496930154
  lastteleport: 1493497434014
  logout: 1493496885935
ipAddress: 10.0.0.2
lastlocation:
  world: kevlar
  x: 77.5020045955369
  y: 74.24313514222133
  z: 556.6351037178927
  yaw: 161.70679
  pitch: 17.099989
logoutlocation:
  world: kevlar
  x: 101.11092307543436
  y: 78.98690953829575
  z: 532.9105540683893
  yaw: -328.0388
  pitch: 10.950041
afk: false
godmode: false
money: '50'
