uuid: cd3380bb-9a91-3be9-8d2f-225a88e3a5af
timestamps:
  login: 1482462303978
  lastteleport: 1476516346802
  logout: 1476518618416
ipAddress: 127.0.0.1
lastlocation:
  world: kevlar
  x: 994.3067753938496
  y: 70.0
  z: 542.9797232266937
  yaw: 2.6903489
  pitch: 44.85
logoutlocation:
  world: kevlar
  x: -1.792590921848338
  y: 7.0
  z: 532.8690659918448
  yaw: 290.3999
  pitch: 69.75001
afk: false
godmode: false
money: '50'
