uuid: d43484ee-f8af-3fdf-b1f5-866198085b5e
timestamps:
  login: 1500085899099
  lastteleport: 1500085910893
ipAddress: 192.168.1.41
lastlocation:
  world: kevlar
  x: 12286.349982890399
  y: 88.0
  z: 21295.45038284572
  yaw: 256.65048
  pitch: 23.400042
