uuid: ce633377-0ef2-3206-a421-a4ef0b39e950
timestamps:
  login: 1493744583530
  lastteleport: 1493318265861
  logout: 1493405599740
ipAddress: 10.42.0.91
lastlocation:
  world: kevlar
  x: 12287.258045610111
  y: 96.41759349977347
  z: 21296.229417356666
  yaw: 12.6000185
  pitch: 88.34999
afk: false
logoutlocation:
  world: kevlar
  x: -455.0
  y: 86.0
  z: 513.0
  yaw: 180.0
  pitch: 0.0
