uuid: ce633377-0ef2-3206-a421-a4ef0b39e950
timestamps:
  login: 1493403722252
  lastteleport: 1493318265861
  logout: 1493405599740
ipAddress: 10.42.0.91
lastlocation:
  world: kevlar
  x: 204.70775662608088
  y: 112.99799399066448
  z: 624.4955538562153
  yaw: 3.9134827
  pitch: 31.049929
afk: false
logoutlocation:
  world: kevlar
  x: -455.0
  y: 86.0
  z: 513.0
  yaw: 180.0
  pitch: 0.0
