uuid: ce633377-0ef2-3206-a421-a4ef0b39e950
timestamps:
  login: 1493401320624
  lastteleport: 1493318265861
  logout: 1493401323690
ipAddress: 10.42.0.91
lastlocation:
  world: kevlar
  x: 204.70775662608088
  y: 112.99799399066448
  z: 624.4955538562153
  yaw: 3.9134827
  pitch: 31.049929
afk: false
logoutlocation:
  world: kevlar
  x: 160.69278144606574
  y: 77.62228009630046
  z: 701.4553367662943
  yaw: 162.20596
  pitch: 40.499847
