world: kevlar
x: 12231.554108630047
y: 117.39474298437295
z: 21341.676744144923
yaw: 147.85815
pitch: 32.84998
name: castle
