world: kevlar
x: 12162.58732573849
y: 124.16438724638094
z: 21275.013009138664
yaw: 267.44925
pitch: 43.350132
name: skycastle
